RUNNING THE L-BFGS-B CODE

it    = iteration number
nf    = number of function evaluations
nseg  = number of segments explored during the Cauchy search
nact  = number of active bounds at the generalized Cauchy point
sub   = manner in which the subspace minimization terminated:
        con = converged, bnd = a bound was reached
itls  = number of iterations performed in the line search
stepl = step length used
tstep = norm of the displacement (total step)
projg = norm of the projected gradient
f     = function value

           * * *

Machine precision = 2.220D-16
 N =         3517     M =           10

   it   nf  nseg  nact  sub  itls  stepl    tstep     projg        f
    0    1     -     -   -     -     -        -     8.222D-01  1.687D-01
    1    2     1     0  ---    0  2.3D-01  1.0D+00  4.500D-01  1.443D-01
    2    3     0     0  con    0  1.0D+00  8.5D-01  2.647D-01  1.301D-01
    3    5     0     0  con    1  4.9D-01  7.4D-01  1.795D-01  1.241D-01
    4    6     0     0  con    0  1.0D+00  4.9D-01  1.875D-01  1.229D-01
    5    7     0     0  con    0  1.0D+00  1.4D-01  5.200D-02  1.222D-01
    6    8     0     0  con    0  1.0D+00  1.9D-01  4.573D-02  1.217D-01
    7    9     0     0  con    0  1.0D+00  4.4D-01  1.025D-01  1.208D-01
    8   10     0     0  con    0  1.0D+00  7.1D-01  1.651D-01  1.199D-01
    9   11     0     0  con    0  1.0D+00  6.9D-01  1.575D-01  1.197D-01
   10   12     0     0  con    0  1.0D+00  2.3D-01  3.369D-02  1.192D-01
   11   13     0     0  con    0  1.0D+00  9.4D-02  3.138D-02  1.191D-01
   12   14     0     0  con    0  1.0D+00  2.2D-01  5.969D-02  1.189D-01
   13   15     0     0  con    0  1.0D+00  4.7D-01  7.146D-02  1.185D-01
   14   16     0     0  con    0  1.0D+00  1.1D+00  1.718D-01  1.184D-01
   15   17     0     0  con    0  1.0D+00  1.3D-01  3.464D-02  1.179D-01
   16   18     0     0  con    0  1.0D+00  1.1D-01  3.741D-02  1.178D-01
   17   19     0     0  con    0  1.0D+00  3.2D-01  5.107D-02  1.175D-01
   18   20     0     0  con    0  1.0D+00  4.9D-01  6.326D-02  1.173D-01
   19   21     0     0  con    0  1.0D+00  4.8D-01  6.410D-02  1.170D-01
   20   22     0     0  con    0  1.0D+00  1.3D-01  4.095D-02  1.169D-01
   21   23     0     0  con    0  1.0D+00  2.5D-01  3.097D-02  1.167D-01
   22   24     0     0  con    0  1.0D+00  1.8D-01  2.971D-02  1.166D-01
   23   25     0     0  con    0  1.0D+00  3.9D-01  9.328D-02  1.166D-01
   24   26     0     0  con    0  1.0D+00  6.5D-02  3.608D-02  1.165D-01
   25   27     0     0  con    0  1.0D+00  5.2D-02  2.022D-02  1.164D-01
   26   28     0     0  con    0  1.0D+00  2.2D-01  3.910D-02  1.164D-01
   27   29     0     0  con    0  1.0D+00  3.8D-01  6.403D-02  1.163D-01
   28   30     0     0  con    0  1.0D+00  1.3D-01  1.978D-02  1.162D-01
   29   31     0     0  con    0  1.0D+00  1.4D-01  2.038D-02  1.162D-01
   30   32     0     0  con    0  1.0D+00  1.4D-01  3.165D-02  1.161D-01
   31   33     0     0  con    0  1.0D+00  3.2D-01  4.208D-02  1.161D-01
   32   34     0     0  con    0  1.0D+00  3.5D-01  4.750D-02  1.160D-01
   33   35     0     0  con    0  1.0D+00  7.0D-02  1.122D-02  1.160D-01
   34   36     0     0  con    0  1.0D+00  5.9D-02  2.278D-02  1.160D-01
   35   37     0     0  con    0  1.0D+00  1.0D-01  3.485D-02  1.159D-01
   36   38     0     0  con    0  1.0D+00  3.1D-01  4.561D-02  1.159D-01
   37   39     0     0  con    0  1.0D+00  2.8D-01  3.438D-02  1.158D-01
   38   40     0     0  con    0  1.0D+00  7.4D-02  1.934D-02  1.158D-01
   39   41     0     0  con    0  1.0D+00  1.3D-01  2.695D-02  1.158D-01
   40   42     0     0  con    0  1.0D+00  1.7D-01  2.646D-02  1.157D-01
   41   43     0     0  con    0  1.0D+00  3.3D-01  2.911D-02  1.157D-01
   42   44     0     0  con    0  1.0D+00  5.8D-01  3.295D-02  1.156D-01
   43   45     0     0  con    0  1.0D+00  1.3D-01  1.556D-02  1.156D-01
   44   46     0     0  con    0  1.0D+00  6.5D-02  1.112D-02  1.155D-01
   45   47     0     0  con    0  1.0D+00  1.5D-01  1.730D-02  1.155D-01
   46   48     0     0  con    0  1.0D+00  2.0D-01  1.561D-02  1.155D-01
   47   49     0     0  con    0  1.0D+00  2.6D-01  1.542D-02  1.154D-01
   48   50     0     0  con    0  1.0D+00  2.9D-01  4.490D-02  1.154D-01
   49   51     0     0  con    0  1.0D+00  2.3D-01  3.863D-02  1.154D-01
   50   52     0     0  con    0  1.0D+00  7.9D-02  1.610D-02  1.153D-01
   51   53     0     0  con    0  1.0D+00  7.2D-02  1.062D-02  1.153D-01
   52   54     0     0  con    0  1.0D+00  1.6D-01  1.534D-02  1.153D-01
   53   55     0     0  con    0  1.0D+00  3.2D-01  2.282D-02  1.152D-01
   54   57     0     0  con    1  5.3D-01  3.2D-01  6.534D-02  1.152D-01
   55   58     0     0  con    0  1.0D+00  1.3D-01  9.283D-03  1.152D-01
   56   59     0     0  con    0  1.0D+00  7.0D-02  1.277D-02  1.152D-01
   57   60     0     0  con    0  1.0D+00  1.4D-01  2.112D-02  1.151D-01
   58   61     0     0  con    0  1.0D+00  2.2D-01  4.232D-02  1.151D-01
   59   62     0     0  con    0  1.0D+00  3.0D-01  3.172D-02  1.151D-01
   60   63     0     0  con    0  1.0D+00  2.9D-02  1.145D-02  1.151D-01
   61   64     0     0  con    0  1.0D+00  7.1D-02  2.377D-02  1.150D-01
   62   65     0     0  con    0  1.0D+00  1.2D-01  2.453D-02  1.150D-01
   63   66     0     0  con    0  1.0D+00  4.8D-01  8.084D-02  1.150D-01
   64   67     0     0  con    0  1.0D+00  1.1D-01  2.030D-02  1.150D-01
   65   68     0     0  con    0  1.0D+00  3.2D-02  1.097D-02  1.149D-01
   66   69     0     0  con    0  1.0D+00  1.2D-01  2.351D-02  1.149D-01
   67   70     0     0  con    0  1.0D+00  1.3D-01  2.274D-02  1.149D-01
   68   71     0     0  con    0  1.0D+00  3.1D-01  6.151D-02  1.149D-01
   69   72     0     0  con    0  1.0D+00  8.6D-02  9.965D-03  1.149D-01
   70   73     0     0  con    0  1.0D+00  2.4D-02  1.064D-02  1.149D-01
   71   74     0     0  con    0  1.0D+00  8.1D-02  1.635D-02  1.148D-01
   72   75     0     0  con    0  1.0D+00  1.4D-01  1.587D-02  1.148D-01
   73   77     0     0  con    1  5.3D-01  2.1D-01  6.637D-02  1.148D-01
   74   78     0     0  con    0  1.0D+00  1.1D-01  1.718D-02  1.148D-01
   75   79     0     0  con    0  1.0D+00  7.1D-02  1.046D-02  1.148D-01
   76   80     0     0  con    0  1.0D+00  8.2D-02  1.410D-02  1.148D-01
   77   81     0     0  con    0  1.0D+00  1.5D-01  1.746D-02  1.148D-01
   78   82     0     0  con    0  1.0D+00  3.1D-01  5.747D-02  1.147D-01
   79   83     0     0  con    0  1.0D+00  6.8D-02  1.291D-02  1.147D-01
   80   84     0     0  con    0  1.0D+00  2.1D-02  1.141D-02  1.147D-01
   81   85     0     0  con    0  1.0D+00  8.2D-02  1.422D-02  1.147D-01
   82   86     0     0  con    0  1.0D+00  1.4D-01  1.630D-02  1.147D-01
   83   87     0     0  con    0  1.0D+00  2.9D-01  2.832D-02  1.147D-01
   84   88     0     0  con    0  1.0D+00  1.3D-01  1.299D-02  1.146D-01
   85   89     0     0  con    0  1.0D+00  4.7D-02  1.716D-02  1.146D-01
   86   90     0     0  con    0  1.0D+00  1.3D-01  1.110D-02  1.146D-01
   87   91     0     0  con    0  1.0D+00  2.0D-01  4.555D-02  1.146D-01
   88   92     0     0  con    0  1.0D+00  2.2D-02  1.615D-02  1.146D-01
   89   93     0     0  con    0  1.0D+00  9.0D-02  1.259D-02  1.146D-01
   90   94     0     0  con    0  1.0D+00  5.3D-02  1.633D-02  1.146D-01
   91   95     0     0  con    0  1.0D+00  2.0D-01  2.753D-02  1.146D-01
   92   97     0     0  con    1  5.2D-01  1.6D-01  3.051D-02  1.145D-01
   93   98     0     0  con    0  1.0D+00  7.4D-02  7.347D-03  1.145D-01
   94   99     0     0  con    0  1.0D+00  5.8D-02  1.196D-02  1.145D-01
   95  100     0     0  con    0  1.0D+00  5.9D-02  1.531D-02  1.145D-01
   96  101     0     0  con    0  1.0D+00  2.0D-01  1.880D-02  1.145D-01
   97  103     0     0  con    1  5.1D-01  1.7D-01  3.041D-02  1.145D-01
   98  104     0     0  con    0  1.0D+00  7.0D-02  1.142D-02  1.145D-01
   99  105     0     0  con    0  1.0D+00  8.6D-02  1.131D-02  1.145D-01
  100  106     0     0  con    0  1.0D+00  8.1D-02  1.080D-02  1.145D-01
  101  108     0     0  con    1  5.0D-01  1.8D-01  3.979D-02  1.145D-01
  102  109     0     0  con    0  1.0D+00  1.3D-01  1.533D-02  1.144D-01
  103  110     0     0  con    0  1.0D+00  1.2D-01  8.499D-03  1.144D-01
  104  111     0     0  con    0  1.0D+00  1.0D-01  1.292D-02  1.144D-01
  105  112     0     0  con    0  1.0D+00  1.9D-01  2.301D-02  1.144D-01
  106  114     0     0  con    1  5.0D-01  1.7D-01  2.896D-02  1.144D-01
  107  115     0     0  con    0  1.0D+00  1.3D-01  9.826D-03  1.144D-01
  108  116     0     0  con    0  1.0D+00  6.8D-02  6.471D-03  1.144D-01
  109  117     0     0  con    0  1.0D+00  1.6D-01  2.760D-02  1.144D-01
  110  118     0     0  con    0  1.0D+00  2.2D-01  2.756D-02  1.143D-01
  111  119     0     0  con    0  1.0D+00  8.1D-02  1.603D-02  1.143D-01
  112  120     0     0  con    0  1.0D+00  7.6D-02  1.115D-02  1.143D-01
  113  121     0     0  con    0  1.0D+00  1.0D-01  1.834D-02  1.143D-01
  114  122     0     0  con    0  1.0D+00  2.3D-01  4.547D-02  1.143D-01
  115  123     0     0  con    0  1.0D+00  4.3D-02  1.344D-02  1.143D-01
  116  124     0     0  con    0  1.0D+00  1.6D-02  1.176D-02  1.143D-01
  117  125     0     0  con    0  1.0D+00  7.8D-02  1.224D-02  1.143D-01
  118  126     0     0  con    0  1.0D+00  1.8D-01  4.529D-02  1.143D-01
  119  127     0     0  con    0  1.0D+00  1.6D-01  2.086D-02  1.143D-01
  120  128     0     0  con    0  1.0D+00  8.6D-02  1.247D-02  1.142D-01
  121  129     0     0  con    0  1.0D+00  1.5D-01  7.558D-03  1.142D-01
  122  130     0     0  con    0  1.0D+00  2.2D-01  3.164D-02  1.142D-01
  123  131     0     0  con    0  1.0D+00  2.9D-01  1.734D-02  1.142D-01
  124  132     0     0  con    0  1.0D+00  7.5D-02  1.545D-02  1.142D-01
  125  133     0     0  con    0  1.0D+00  3.7D-02  8.190D-03  1.142D-01
  126  134     0     0  con    0  1.0D+00  4.0D-02  1.281D-02  1.142D-01
  127  136     0     0  con    1  5.0D-01  1.0D-01  3.426D-02  1.142D-01
  128  137     0     0  con    0  1.0D+00  8.9D-02  1.889D-02  1.142D-01
  129  138     0     0  con    0  1.0D+00  1.4D-01  7.217D-03  1.142D-01
  130  139     0     0  con    0  1.0D+00  1.0D-01  1.205D-02  1.142D-01
  131  140     0     0  con    0  1.0D+00  2.0D-01  1.571D-02  1.141D-01
  132  142     0     0  con    1  5.4D-01  1.3D-01  3.549D-02  1.141D-01
  133  143     0     0  con    0  1.0D+00  6.1D-02  1.192D-02  1.141D-01
  134  144     0     0  con    0  1.0D+00  2.4D-02  4.671D-03  1.141D-01
  135  145     0     0  con    0  1.0D+00  4.6D-02  1.131D-02  1.141D-01
  136  146     0     0  con    0  1.0D+00  1.1D-01  1.884D-02  1.141D-01
  137  148     0     0  con    1  5.2D-01  1.3D-01  3.104D-02  1.141D-01
  138  149     0     0  con    0  1.0D+00  1.0D-01  1.281D-02  1.141D-01
  139  150     0     0  con    0  1.0D+00  7.9D-02  8.077D-03  1.141D-01
  140  151     0     0  con    0  1.0D+00  1.2D-01  2.984D-02  1.141D-01
  141  152     0     0  con    0  1.0D+00  1.7D-01  4.177D-02  1.141D-01
  142  153     0     0  con    0  1.0D+00  2.7D-02  1.367D-02  1.141D-01
  143  154     0     0  con    0  1.0D+00  3.5D-02  6.726D-03  1.141D-01
  144  155     0     0  con    0  1.0D+00  4.8D-02  9.643D-03  1.141D-01
  145  156     0     0  con    0  1.0D+00  1.4D-01  1.213D-02  1.140D-01
  146  157     0     0  con    0  1.0D+00  2.9D-01  5.303D-02  1.140D-01
  147  158     0     0  con    0  1.0D+00  4.3D-02  1.193D-02  1.140D-01
  148  159     0     0  con    0  1.0D+00  2.1D-02  9.983D-03  1.140D-01
  149  160     0     0  con    0  1.0D+00  1.0D-01  1.019D-02  1.140D-01
  150  161     0     0  con    0  1.0D+00  1.4D-01  1.654D-02  1.140D-01
  151  163     0     0  con    1  5.3D-01  2.3D-01  4.341D-02  1.140D-01
  152  164     0     0  con    0  1.0D+00  8.4D-02  7.823D-03  1.140D-01
  153  165     0     0  con    0  1.0D+00  1.3D-02  3.515D-03  1.140D-01
  154  166     0     0  con    0  1.0D+00  7.0D-02  2.826D-02  1.140D-01
  155  167     0     0  con    0  1.0D+00  7.8D-02  2.284D-02  1.140D-01
  156  168     0     0  con    0  1.0D+00  3.7D-02  1.195D-02  1.140D-01
  157  169     0     0  con    0  1.0D+00  1.4D-01  7.547D-03  1.140D-01
  158  170     0     0  con    0  1.0D+00  6.4D-02  1.187D-02  1.140D-01
  159  171     0     0  con    0  1.0D+00  2.6D-01  2.241D-02  1.140D-01
  160  173     0     0  con    1  5.1D-01  9.3D-02  1.521D-02  1.139D-01
  161  174     0     0  con    0  1.0D+00  1.7D-02  4.779D-03  1.139D-01
  162  175     0     0  con    0  1.0D+00  3.1D-02  7.712D-03  1.139D-01
  163  176     0     0  con    0  1.0D+00  6.5D-02  1.191D-02  1.139D-01
  164  178     0     0  con    1  4.9D-01  1.3D-01  3.106D-02  1.139D-01
  165  179     0     0  con    0  1.0D+00  1.9D-01  1.130D-02  1.139D-01
  166  180     0     0  con    0  1.0D+00  1.3D-01  8.680D-03  1.139D-01
  167  182     0     0  con    1  5.1D-01  1.3D-01  3.461D-02  1.139D-01
  168  183     0     0  con    0  1.0D+00  6.2D-02  1.688D-02  1.139D-01
  169  184     0     0  con    0  1.0D+00  5.7D-02  8.790D-03  1.139D-01
  170  185     0     0  con    0  1.0D+00  6.2D-02  9.784D-03  1.139D-01
  171  186     0     0  con    0  1.0D+00  8.3D-02  1.146D-02  1.139D-01
  172  187     0     0  con    0  1.0D+00  1.8D-01  1.889D-02  1.139D-01
  173  189     0     0  con    1  5.1D-01  9.7D-02  1.873D-02  1.139D-01
  174  190     0     0  con    0  1.0D+00  9.9D-02  8.820D-03  1.139D-01
  175  191     0     0  con    0  1.0D+00  3.4D-02  1.068D-02  1.139D-01
  176  192     0     0  con    0  1.0D+00  8.4D-02  1.695D-02  1.139D-01
  177  193     0     0  con    0  1.0D+00  1.6D-01  1.449D-02  1.139D-01
  178  194     0     0  con    0  1.0D+00  1.6D-01  1.489D-02  1.139D-01
  179  195     0     0  con    0  1.0D+00  5.4D-02  1.904D-02  1.138D-01
  180  196     0     0  con    0  1.0D+00  4.2D-02  1.339D-02  1.138D-01
  181  197     0     0  con    0  1.0D+00  1.2D-01  2.202D-02  1.138D-01
  182  198     0     0  con    0  1.0D+00  2.5D-01  1.661D-02  1.138D-01
  183  199     0     0  con    0  1.0D+00  9.5D-02  8.015D-03  1.138D-01
  184  200     0     0  con    0  1.0D+00  1.1D-01  1.025D-02  1.138D-01
  185  201     0     0  con    0  1.0D+00  1.6D-01  3.003D-02  1.138D-01
  186  202     0     0  con    0  1.0D+00  9.9D-02  1.004D-02  1.138D-01
  187  203     0     0  con    0  1.0D+00  2.2D-02  7.142D-03  1.138D-01
  188  204     0     0  con    0  1.0D+00  8.3D-02  1.334D-02  1.138D-01
  189  206     0     0  con    1  5.2D-01  7.8D-02  3.124D-02  1.138D-01
  190  207     0     0  con    0  1.0D+00  6.3D-02  1.334D-02  1.138D-01
  191  208     0     0  con    0  1.0D+00  8.5D-02  6.908D-03  1.138D-01
  192  209     0     0  con    0  1.0D+00  7.7D-02  2.573D-02  1.138D-01
  193  210     0     0  con    0  1.0D+00  4.4D-02  2.736D-02  1.138D-01
  194  211     0     0  con    0  1.0D+00  1.1D-02  1.232D-02  1.138D-01
  195  212     0     0  con    0  1.0D+00  1.8D-02  8.423D-03  1.138D-01
  196  213     0     0  con    0  1.0D+00  2.3D-02  1.265D-02  1.138D-01
  197  214     0     0  con    0  1.0D+00  1.1D-01  1.505D-02  1.138D-01
  198  215     0     0  con    0  1.0D+00  1.4D-01  4.528D-02  1.138D-01
  199  216     0     0  con    0  1.0D+00  1.5D-01  1.369D-02  1.138D-01
  200  217     0     0  con    0  1.0D+00  9.3D-02  8.710D-03  1.137D-01
  201  218     0     0  con    0  1.0D+00  1.0D-01  1.755D-02  1.137D-01
  202  219     0     0  con    0  1.0D+00  1.2D-01  2.740D-02  1.137D-01
  203  220     0     0  con    0  1.0D+00  5.4D-02  1.542D-02  1.137D-01
  204  221     0     0  con    0  1.0D+00  8.3D-02  2.661D-02  1.137D-01
  205  222     0     0  con    0  1.0D+00  3.8D-02  1.503D-02  1.137D-01
  206  223     0     0  con    0  1.0D+00  3.3D-02  1.014D-02  1.137D-01
  207  224     0     0  con    0  1.0D+00  1.5D-01  1.053D-02  1.137D-01
  208  225     0     0  con    0  1.0D+00  1.1D-01  2.024D-02  1.137D-01
  209  226     0     0  con    0  1.0D+00  2.1D-01  7.362D-03  1.137D-01
  210  227     0     0  con    0  1.0D+00  1.0D-01  9.056D-03  1.137D-01
  211  228     0     0  con    0  1.0D+00  1.6D-01  1.577D-02  1.137D-01
  212  229     0     0  con    0  1.0D+00  8.4D-02  4.934D-02  1.137D-01
  213  230     0     0  con    0  1.0D+00  2.6D-02  9.990D-03  1.137D-01
  214  231     0     0  con    0  1.0D+00  1.6D-02  7.844D-03  1.137D-01
  215  232     0     0  con    0  1.0D+00  3.9D-02  2.168D-02  1.137D-01
  216  233     0     0  con    0  1.0D+00  7.8D-02  2.640D-02  1.137D-01
  217  234     0     0  con    0  1.0D+00  9.8D-02  1.983D-02  1.137D-01
  218  235     0     0  con    0  1.0D+00  4.0D-02  8.699D-03  1.137D-01
  219  236     0     0  con    0  1.0D+00  5.0D-02  1.406D-02  1.137D-01
  220  237     0     0  con    0  1.0D+00  3.8D-02  1.630D-02  1.137D-01
  221  239     0     0  con    1  4.7D-01  4.6D-02  2.246D-02  1.137D-01
  222  240     0     0  con    0  1.0D+00  5.4D-02  7.845D-03  1.137D-01
  223  241     0     0  con    0  1.0D+00  3.3D-02  4.947D-03  1.137D-01
  224  242     0     0  con    0  1.0D+00  5.2D-02  1.054D-02  1.136D-01
  225  243     0     0  con    0  1.0D+00  1.0D-01  5.720D-02  1.136D-01
  226  244     0     0  con    0  1.0D+00  1.7D-02  2.027D-02  1.136D-01
  227  245     0     0  con    0  1.0D+00  3.7D-02  4.776D-03  1.136D-01
  228  246     0     0  con    0  1.0D+00  5.1D-02  1.361D-02  1.136D-01
  229  247     0     0  con    0  1.0D+00  7.3D-02  1.227D-02  1.136D-01
  230  250     0     0  con    2  2.8D-01  7.6D-02  3.715D-02  1.136D-01
  231  251     0     0  con    0  1.0D+00  7.9D-02  1.179D-02  1.136D-01
  232  252     0     0  con    0  1.0D+00  3.1D-02  5.722D-03  1.136D-01
  233  253     0     0  con    0  1.0D+00  5.0D-02  9.710D-03  1.136D-01
  234  254     0     0  con    0  1.0D+00  9.8D-02  1.998D-02  1.136D-01
  235  255     0     0  con    0  1.0D+00  1.4D-01  1.572D-02  1.136D-01
  236  256     0     0  con    0  1.0D+00  2.2D-02  4.386D-03  1.136D-01
  237  257     0     0  con    0  1.0D+00  4.4D-02  1.028D-02  1.136D-01
  238  258     0     0  con    0  1.0D+00  7.7D-02  9.886D-03  1.136D-01
  239  261     0     0  con    2  2.9D-01  8.7D-02  5.055D-02  1.136D-01
  240  262     0     0  con    0  1.0D+00  9.2D-02  1.334D-02  1.136D-01
  241  263     0     0  con    0  1.0D+00  4.1D-02  4.104D-03  1.136D-01
  242  264     0     0  con    0  1.0D+00  4.2D-02  1.149D-02  1.136D-01
  243  265     0     0  con    0  1.0D+00  7.5D-02  3.473D-02  1.136D-01
  244  266     0     0  con    0  1.0D+00  7.6D-02  2.105D-02  1.136D-01
  245  267     0     0  con    0  1.0D+00  6.0D-02  5.895D-03  1.136D-01
  246  268     0     0  con    0  1.0D+00  4.4D-02  7.354D-03  1.136D-01
  247  269     0     0  con    0  1.0D+00  6.0D-02  1.316D-02  1.136D-01
  248  270     0     0  con    0  1.0D+00  1.5D-01  3.156D-02  1.136D-01
  249  271     0     0  con    0  1.0D+00  7.6D-02  1.037D-02  1.136D-01
  250  272     0     0  con    0  1.0D+00  2.6D-02  5.468D-03  1.136D-01
  251  273     0     0  con    0  1.0D+00  6.5D-02  8.717D-03  1.136D-01
  252  274     0     0  con    0  1.0D+00  8.6D-02  1.625D-02  1.136D-01
  253  276     0     0  con    1  5.2D-01  1.1D-01  3.450D-02  1.136D-01
  254  277     0     0  con    0  1.0D+00  1.4D-01  1.091D-02  1.136D-01
  255  278     0     0  con    0  1.0D+00  4.3D-02  1.184D-02  1.135D-01
  256  279     0     0  con    0  1.0D+00  2.9D-02  9.129D-03  1.135D-01
  257  280     0     0  con    0  1.0D+00  1.2D-01  1.785D-02  1.135D-01
  258  282     0     0  con    1  5.0D-01  1.0D-01  1.287D-02  1.135D-01
  259  283     0     0  con    0  1.0D+00  6.8D-02  7.715D-03  1.135D-01
  260  284     0     0  con    0  1.0D+00  1.0D-01  7.463D-03  1.135D-01
  261  285     0     0  con    0  1.0D+00  1.2D-01  2.295D-02  1.135D-01
  262  286     0     0  con    0  1.0D+00  8.5D-02  8.973D-03  1.135D-01
  263  287     0     0  con    0  1.0D+00  7.5D-02  3.653D-03  1.135D-01
  264  288     0     0  con    0  1.0D+00  8.5D-02  9.593D-03  1.135D-01
  265  291     0     0  con    2  2.6D-01  3.3D-02  2.421D-02  1.135D-01
  266  292     0     0  con    0  1.0D+00  5.6D-02  9.927D-03  1.135D-01
  267  293     0     0  con    0  1.0D+00  5.0D-02  6.068D-03  1.135D-01
  268  294     0     0  con    0  1.0D+00  8.0D-02  8.633D-03  1.135D-01
  269  295     0     0  con    0  1.0D+00  3.1D-02  7.747D-03  1.135D-01
  270  296     0     0  con    0  1.0D+00  7.0D-02  7.628D-03  1.135D-01
  271  297     0     0  con    0  1.0D+00  8.0D-02  1.474D-02  1.135D-01
  272  298     0     0  con    0  1.0D+00  1.6D-01  1.748D-02  1.135D-01
  273  299     0     0  con    0  1.0D+00  4.6D-02  5.150D-03  1.135D-01
  274  300     0     0  con    0  1.0D+00  4.4D-02  6.723D-03  1.135D-01
  275  301     0     0  con    0  1.0D+00  6.5D-02  1.720D-02  1.135D-01
  276  302     0     0  con    0  1.0D+00  8.8D-02  2.861D-02  1.135D-01
  277  303     0     0  con    0  1.0D+00  7.7D-02  9.967D-03  1.135D-01
  278  304     0     0  con    0  1.0D+00  3.5D-02  6.742D-03  1.135D-01
  279  305     0     0  con    0  1.0D+00  6.8D-02  1.167D-02  1.135D-01
  280  306     0     0  con    0  1.0D+00  1.7D-01  3.117D-02  1.135D-01
  281  307     0     0  con    0  1.0D+00  3.3D-02  5.576D-03  1.135D-01
  282  308     0     0  con    0  1.0D+00  4.9D-02  9.624D-03  1.135D-01
  283  309     0     0  con    0  1.0D+00  1.4D-01  1.599D-02  1.135D-01
  284  310     0     0  con    0  1.0D+00  1.9D-01  1.451D-02  1.135D-01
  285  311     0     0  con    0  1.0D+00  3.5D-01  2.172D-02  1.135D-01
  286  312     0     0  con    0  1.0D+00  2.1D-02  2.020D-02  1.134D-01
  287  313     0     0  con    0  1.0D+00  1.5D-02  1.484D-02  1.134D-01
  288  314     0     0  con    0  1.0D+00  4.6D-02  3.895D-02  1.134D-01
  289  315     0     0  con    0  1.0D+00  1.1D-01  1.980D-02  1.134D-01
  290  316     0     0  con    0  1.0D+00  4.1D-02  1.414D-02  1.134D-01
  291  317     0     0  con    0  1.0D+00  1.4D-01  1.111D-02  1.134D-01
  292  318     0     0  con    0  1.0D+00  1.2D-01  5.826D-03  1.134D-01
  293  319     0     0  con    0  1.0D+00  2.2D-01  2.924D-02  1.134D-01
  294  320     0     0  con    0  1.0D+00  1.1D-02  8.622D-03  1.134D-01
  295  321     0     0  con    0  1.0D+00  3.8D-02  9.686D-03  1.134D-01
  296  322     0     0  con    0  1.0D+00  2.9D-02  1.283D-02  1.134D-01
  297  323     0     0  con    0  1.0D+00  1.1D-01  2.088D-02  1.134D-01
  298  325     0     0  con    1  5.3D-01  1.2D-01  2.847D-02  1.134D-01
  299  326     0     0  con    0  1.0D+00  9.3D-02  6.947D-03  1.134D-01
  300  327     0     0  con    0  1.0D+00  1.0D-01  6.377D-03  1.134D-01
  301  329     0     0  con    1  5.2D-01  5.8D-02  4.598D-02  1.134D-01
  302  330     0     0  con    0  1.0D+00  5.5D-02  2.297D-02  1.134D-01
  303  331     0     0  con    0  1.0D+00  6.1D-02  4.557D-03  1.134D-01
  304  332     0     0  con    0  1.0D+00  4.7D-02  9.192D-03  1.134D-01
  305  333     0     0  con    0  1.0D+00  7.0D-02  9.713D-03  1.134D-01
  306  334     0     0  con    0  1.0D+00  1.9D-01  1.689D-02  1.134D-01
  307  336     0     0  con    1  5.0D-01  1.2D-01  7.355D-03  1.134D-01
  308  337     0     0  con    0  1.0D+00  5.8D-02  7.940D-03  1.134D-01
  309  338     0     0  con    0  1.0D+00  8.4D-02  9.556D-03  1.134D-01
  310  339     0     0  con    0  1.0D+00  8.2D-02  1.093D-02  1.134D-01
  311  340     0     0  con    0  1.0D+00  8.2D-02  6.529D-03  1.134D-01
  312  341     0     0  con    0  1.0D+00  2.3D-01  2.804D-02  1.134D-01
  313  343     0     0  con    1  4.9D-01  8.6D-02  1.109D-02  1.134D-01
  314  344     0     0  con    0  1.0D+00  2.8D-02  3.645D-03  1.134D-01
  315  345     0     0  con    0  1.0D+00  1.0D-01  6.320D-03  1.134D-01
  316  347     0     0  con    1  5.1D-01  1.3D-01  2.891D-02  1.134D-01
  317  348     0     0  con    0  1.0D+00  5.3D-02  1.468D-02  1.134D-01
  318  349     0     0  con    0  1.0D+00  9.4D-02  3.504D-03  1.134D-01
  319  350     0     0  con    0  1.0D+00  5.4D-02  6.249D-03  1.134D-01
  320  351     0     0  con    0  1.0D+00  1.3D-01  1.782D-02  1.133D-01
  321  352     0     0  con    0  1.0D+00  1.8D-01  1.464D-02  1.133D-01
  322  353     0     0  con    0  1.0D+00  3.5D-02  4.341D-03  1.133D-01
  323  354     0     0  con    0  1.0D+00  2.2D-02  8.115D-03  1.133D-01
  324  355     0     0  con    0  1.0D+00  5.5D-02  2.429D-02  1.133D-01
  325  356     0     0  con    0  1.0D+00  1.4D-01  9.489D-03  1.133D-01
  326  357     0     0  con    0  1.0D+00  8.1D-02  1.205D-02  1.133D-01
  327  358     0     0  con    0  1.0D+00  7.7D-02  1.196D-02  1.133D-01
  328  359     0     0  con    0  1.0D+00  1.1D-01  1.481D-02  1.133D-01
  329  360     0     0  con    0  1.0D+00  1.7D-01  6.279D-02  1.133D-01
  330  361     0     0  con    0  1.0D+00  1.5D-02  1.551D-02  1.133D-01
  331  362     0     0  con    0  1.0D+00  2.5D-02  4.855D-03  1.133D-01
  332  363     0     0  con    0  1.0D+00  4.5D-02  1.136D-02  1.133D-01
  333  364     0     0  con    0  1.0D+00  8.5D-02  1.444D-02  1.133D-01
  334  365     0     0  con    0  1.0D+00  2.1D-01  1.908D-02  1.133D-01
  335  366     0     0  con    0  1.0D+00  2.6D-01  3.021D-02  1.133D-01
  336  367     0     0  con    0  1.0D+00  2.9D-02  2.387D-02  1.133D-01
  337  368     0     0  con    0  1.0D+00  5.0D-02  7.202D-03  1.133D-01
  338  369     0     0  con    0  1.0D+00  4.4D-02  6.876D-03  1.133D-01
  339  370     0     0  con    0  1.0D+00  1.7D-01  1.299D-02  1.133D-01
  340  372     0     0  con    1  5.3D-01  1.5D-01  3.651D-02  1.133D-01
  341  373     0     0  con    0  1.0D+00  4.9D-02  1.354D-02  1.133D-01
  342  374     0     0  con    0  1.0D+00  5.4D-02  8.215D-03  1.133D-01
  343  375     0     0  con    0  1.0D+00  1.2D-01  3.134D-02  1.133D-01
  344  376     0     0  con    0  1.0D+00  6.8D-02  9.146D-03  1.133D-01
  345  377     0     0  con    0  1.0D+00  9.9D-02  1.137D-02  1.133D-01
  346  378     0     0  con    0  1.0D+00  7.8D-02  1.102D-02  1.133D-01
  347  379     0     0  con    0  1.0D+00  1.6D-01  1.334D-02  1.133D-01
  348  381     0     0  con    1  5.4D-01  1.4D-01  2.194D-02  1.133D-01
  349  382     0     0  con    0  1.0D+00  5.0D-02  1.353D-02  1.133D-01
  350  383     0     0  con    0  1.0D+00  1.0D-02  9.405D-03  1.133D-01
  351  384     0     0  con    0  1.0D+00  4.9D-02  1.906D-02  1.133D-01
  352  386     0     0  con    1  4.9D-01  8.2D-02  2.188D-02  1.133D-01
  353  387     0     0  con    0  1.0D+00  4.8D-02  1.287D-02  1.133D-01
  354  388     0     0  con    0  1.0D+00  9.8D-02  8.829D-03  1.133D-01
  355  390     0     0  con    1  5.2D-01  7.9D-02  3.420D-02  1.133D-01
  356  391     0     0  con    0  1.0D+00  6.3D-02  1.291D-02  1.133D-01
  357  392     0     0  con    0  1.0D+00  5.8D-02  5.211D-03  1.133D-01
  358  393     0     0  con    0  1.0D+00  7.5D-02  7.858D-03  1.133D-01
  359  394     0     0  con    0  1.0D+00  1.1D-01  1.260D-02  1.133D-01
  360  395     0     0  con    0  1.0D+00  2.0D-01  4.125D-02  1.132D-01
  361  396     0     0  con    0  1.0D+00  9.4D-03  8.200D-03  1.132D-01
  362  397     0     0  con    0  1.0D+00  2.1D-02  7.487D-03  1.132D-01
  363  398     0     0  con    0  1.0D+00  1.4D-02  2.425D-02  1.132D-01
  364  399     0     0  con    0  1.0D+00  6.8D-02  8.980D-03  1.132D-01
  365  400     0     0  con    0  1.0D+00  7.9D-02  6.793D-03  1.132D-01
  366  401     0     0  con    0  1.0D+00  8.5D-02  2.510D-02  1.132D-01
  367  402     0     0  con    0  1.0D+00  1.6D-01  2.885D-02  1.132D-01
  368  403     0     0  con    0  1.0D+00  5.4D-02  4.878D-03  1.132D-01
  369  404     0     0  con    0  1.0D+00  3.1D-02  8.528D-03  1.132D-01
  370  405     0     0  con    0  1.0D+00  1.6D-02  1.223D-02  1.132D-01
  371  406     0     0  con    0  1.0D+00  1.0D-01  1.723D-02  1.132D-01
  372  407     0     0  con    0  1.0D+00  2.1D-01  1.321D-02  1.132D-01
  373  409     0     0  con    1  4.8D-01  1.1D-01  1.286D-02  1.132D-01
  374  410     0     0  con    0  1.0D+00  1.7D-01  1.270D-02  1.132D-01
  375  412     0     0  con    1  5.4D-01  1.1D-01  5.795D-02  1.132D-01
  376  413     0     0  con    0  1.0D+00  1.3D-02  1.642D-02  1.132D-01
  377  414     0     0  con    0  1.0D+00  1.0D-02  4.586D-03  1.132D-01
  378  415     0     0  con    0  1.0D+00  4.4D-02  2.675D-02  1.132D-01
  379  416     0     0  con    0  1.0D+00  5.4D-02  2.634D-02  1.132D-01
  380  418     0     0  con    1  5.3D-01  1.5D-01  6.183D-02  1.132D-01
  381  419     0     0  con    0  1.0D+00  3.1D-02  2.332D-02  1.132D-01
  382  420     0     0  con    0  1.0D+00  3.8D-02  5.327D-03  1.132D-01
  383  421     0     0  con    0  1.0D+00  5.2D-02  1.323D-02  1.132D-01
  384  422     0     0  con    0  1.0D+00  7.8D-02  1.769D-02  1.132D-01
  385  423     0     0  con    0  1.0D+00  2.0D-01  2.856D-02  1.132D-01
  386  425     0     0  con    1  5.4D-01  2.2D-01  1.731D-02  1.132D-01
  387  426     0     0  con    0  1.0D+00  1.3D-02  5.283D-03  1.132D-01
  388  427     0     0  con    0  1.0D+00  1.2D-02  4.278D-03  1.132D-01
  389  428     0     0  con    0  1.0D+00  4.0D-02  8.293D-03  1.132D-01
  390  429     0     0  con    0  1.0D+00  1.0D-01  2.074D-02  1.132D-01
  391  430     0     0  con    0  1.0D+00  2.1D-01  3.996D-02  1.132D-01
  392  431     0     0  con    0  1.0D+00  4.7D-02  5.840D-03  1.132D-01
  393  432     0     0  con    0  1.0D+00  2.2D-02  1.507D-02  1.132D-01
  394  433     0     0  con    0  1.0D+00  3.4D-02  2.213D-02  1.132D-01
  395  434     0     0  con    0  1.0D+00  5.4D-02  2.268D-02  1.132D-01
  396  435     0     0  con    0  1.0D+00  1.1D-01  3.779D-02  1.132D-01
  397  437     0     0  con    1  5.4D-01  4.1D-02  2.449D-02  1.132D-01
  398  438     0     0  con    0  1.0D+00  5.2D-02  4.468D-03  1.132D-01
  399  439     0     0  con    0  1.0D+00  1.9D-02  6.997D-03  1.132D-01
  400  440     0     0  con    0  1.0D+00  6.4D-02  1.275D-02  1.132D-01
  401  441     0     0  con    0  1.0D+00  4.2D-02  1.998D-02  1.132D-01
  402  442     0     0  con    0  1.0D+00  8.5D-02  6.532D-03  1.132D-01
  403  443     0     0  con    0  1.0D+00  4.9D-02  6.034D-03  1.132D-01
  404  444     0     0  con    0  1.0D+00  5.1D-02  8.459D-03  1.132D-01
  405  445     0     0  con    0  1.0D+00  9.8D-02  5.453D-02  1.132D-01
  406  446     0     0  con    0  1.0D+00  9.0D-03  9.120D-03  1.132D-01
  407  447     0     0  con    0  1.0D+00  1.8D-02  1.054D-02  1.132D-01
  408  448     0     0  con    0  1.0D+00  4.9D-02  1.958D-02  1.132D-01
  409  449     0     0  con    0  1.0D+00  7.4D-02  2.123D-02  1.132D-01
  410  450     0     0  con    0  1.0D+00  2.5D-01  3.427D-02  1.132D-01
  411  451     0     0  con    0  1.0D+00  2.5D-02  4.497D-03  1.131D-01
  412  452     0     0  con    0  1.0D+00  2.5D-02  9.163D-03  1.131D-01
  413  453     0     0  con    0  1.0D+00  2.6D-02  1.601D-02  1.131D-01
  414  454     0     0  con    0  1.0D+00  8.7D-02  1.802D-02  1.131D-01
  415  455     0     0  con    0  1.0D+00  3.5D-02  1.183D-02  1.131D-01
  416  456     0     0  con    0  1.0D+00  7.3D-02  7.945D-03  1.131D-01
  417  457     0     0  con    0  1.0D+00  7.2D-02  2.142D-02  1.131D-01
  418  458     0     0  con    0  1.0D+00  3.8D-02  1.254D-02  1.131D-01
  419  459     0     0  con    0  1.0D+00  1.9D-02  2.164D-02  1.131D-01
  420  460     0     0  con    0  1.0D+00  4.2D-02  1.570D-02  1.131D-01
  421  461     0     0  con    0  1.0D+00  3.9D-02  1.995D-02  1.131D-01
  422  463     0     0  con    1  5.0D-01  7.9D-02  1.830D-02  1.131D-01
  423  464     0     0  con    0  1.0D+00  2.7D-02  1.085D-02  1.131D-01
  424  465     0     0  con    0  1.0D+00  4.4D-02  6.821D-03  1.131D-01
  425  466     0     0  con    0  1.0D+00  6.6D-02  8.248D-03  1.131D-01
  426  467     0     0  con    0  1.0D+00  1.3D-01  1.590D-02  1.131D-01
  427  468     0     0  con    0  1.0D+00  1.3D-01  1.028D-02  1.131D-01
  428  469     0     0  con    0  1.0D+00  2.8D-02  5.686D-03  1.131D-01
  429  470     0     0  con    0  1.0D+00  7.5D-02  1.493D-02  1.131D-01
  430  473     0     0  con    2  2.7D-01  3.5D-02  2.034D-02  1.131D-01
  431  474     0     0  con    0  1.0D+00  5.4D-02  1.200D-02  1.131D-01
  432  475     0     0  con    0  1.0D+00  1.2D-01  4.956D-03  1.131D-01
  433  476     0     0  con    0  1.0D+00  1.3D-01  1.862D-02  1.131D-01
  434  477     0     0  con    0  1.0D+00  8.9D-02  9.256D-03  1.131D-01
  435  478     0     0  con    0  1.0D+00  4.4D-02  5.219D-03  1.131D-01
  436  479     0     0  con    0  1.0D+00  1.1D-01  1.554D-02  1.131D-01
  437  480     0     0  con    0  1.0D+00  1.3D-01  2.800D-02  1.131D-01
  438  481     0     0  con    0  1.0D+00  5.3D-02  7.564D-03  1.131D-01
  439  482     0     0  con    0  1.0D+00  4.4D-02  9.886D-03  1.131D-01
  440  483     0     0  con    0  1.0D+00  7.0D-02  1.175D-02  1.131D-01
  441  486     0     0  con    2  2.9D-01  3.5D-02  3.145D-02  1.131D-01
  442  487     0     0  con    0  1.0D+00  6.2D-02  1.721D-02  1.131D-01
  443  488     0     0  con    0  1.0D+00  5.7D-02  5.600D-03  1.131D-01
  444  489     0     0  con    0  1.0D+00  3.6D-02  6.345D-03  1.131D-01
  445  490     0     0  con    0  1.0D+00  4.6D-02  6.941D-03  1.131D-01
  446  491     0     0  con    0  1.0D+00  8.0D-02  2.111D-02  1.131D-01
  447  492     0     0  con    0  1.0D+00  9.1D-02  1.281D-02  1.131D-01
  448  493     0     0  con    0  1.0D+00  8.3D-03  5.752D-03  1.131D-01
  449  494     0     0  con    0  1.0D+00  2.0D-02  6.852D-03  1.131D-01
  450  495     0     0  con    0  1.0D+00  6.1D-02  1.013D-02  1.131D-01
  451  496     0     0  con    0  1.0D+00  1.7D-01  2.695D-02  1.131D-01
  452  497     0     0  con    0  1.0D+00  9.7D-02  8.678D-03  1.131D-01
  453  498     0     0  con    0  1.0D+00  7.3D-02  7.887D-03  1.131D-01
  454  500     0     0  con    1  5.3D-01  6.9D-02  3.941D-02  1.131D-01
  455  501     0     0  con    0  1.0D+00  2.8D-02  1.063D-02  1.131D-01
  456  502     0     0  con    0  1.0D+00  3.7D-02  9.916D-03  1.131D-01
  457  503     0     0  con    0  1.0D+00  5.2D-02  1.606D-02  1.131D-01
  458  504     0     0  con    0  1.0D+00  7.0D-02  1.603D-02  1.131D-01
  459  505     0     0  con    0  1.0D+00  1.8D-01  2.134D-02  1.131D-01
  460  506     0     0  con    0  1.0D+00  5.6D-02  8.647D-03  1.131D-01
  461  507     0     0  con    0  1.0D+00  8.5D-03  5.200D-03  1.131D-01
  462  508     0     0  con    0  1.0D+00  4.6D-02  1.374D-02  1.131D-01
  463  509     0     0  con    0  1.0D+00  8.2D-02  1.292D-02  1.131D-01
  464  510     0     0  con    0  1.0D+00  6.1D-02  9.137D-03  1.131D-01
  465  511     0     0  con    0  1.0D+00  6.8D-02  4.117D-03  1.131D-01
  466  512     0     0  con    0  1.0D+00  5.8D-02  1.192D-02  1.131D-01
  467  513     0     0  con    0  1.0D+00  9.3D-02  2.244D-02  1.130D-01
  468  514     0     0  con    0  1.0D+00  4.0D-02  1.421D-02  1.130D-01
  469  515     0     0  con    0  1.0D+00  1.9D-02  1.635D-02  1.130D-01
  470  516     0     0  con    0  1.0D+00  6.0D-02  1.145D-02  1.130D-01
  471  517     0     0  con    0  1.0D+00  9.2D-02  3.698D-03  1.130D-01
  472  518     0     0  con    0  1.0D+00  1.2D-01  1.712D-02  1.130D-01
  473  519     0     0  con    0  1.0D+00  8.9D-02  5.984D-03  1.130D-01
  474  520     0     0  con    0  1.0D+00  6.0D-02  8.895D-03  1.130D-01
  475  521     0     0  con    0  1.0D+00  1.3D-01  1.804D-02  1.130D-01
  476  522     0     0  con    0  1.0D+00  8.0D-02  7.755D-03  1.130D-01
  477  523     0     0  con    0  1.0D+00  5.8D-03  4.997D-03  1.130D-01
  478  524     0     0  con    0  1.0D+00  4.5D-02  3.846D-03  1.130D-01
  479  525     0     0  con    0  1.0D+00  4.7D-02  3.266D-02  1.130D-01
  480  526     0     0  con    0  1.0D+00  7.9D-02  2.182D-02  1.130D-01
  481  527     0     0  con    0  1.0D+00  1.4D-01  1.267D-02  1.130D-01
  482  528     0     0  con    0  1.0D+00  8.9D-02  1.294D-02  1.130D-01
  483  529     0     0  con    0  1.0D+00  6.1D-02  1.133D-02  1.130D-01
  484  530     0     0  con    0  1.0D+00  6.5D-02  1.447D-02  1.130D-01
  485  531     0     0  con    0  1.0D+00  2.0D-01  2.828D-02  1.130D-01
  486  532     0     0  con    0  1.0D+00  2.4D-02  4.061D-03  1.130D-01
  487  533     0     0  con    0  1.0D+00  1.2D-02  4.247D-03  1.130D-01
  488  534     0     0  con    0  1.0D+00  7.1D-02  9.019D-03  1.130D-01
  489  535     0     0  con    0  1.0D+00  1.5D-01  3.069D-02  1.130D-01
  490  536     0     0  con    0  1.0D+00  9.8D-02  1.632D-02  1.130D-01
  491  537     0     0  con    0  1.0D+00  1.9D-02  2.609D-02  1.130D-01
  492  538     0     0  con    0  1.0D+00  1.2D-02  9.630D-03  1.130D-01
  493  539     0     0  con    0  1.0D+00  3.1D-02  8.651D-03  1.130D-01
  494  540     0     0  con    0  1.0D+00  3.1D-02  1.258D-02  1.130D-01
  495  541     0     0  con    0  1.0D+00  1.3D-01  1.671D-02  1.130D-01
  496  543     0     0  con    1  5.1D-01  1.1D-01  1.782D-02  1.130D-01
  497  544     0     0  con    0  1.0D+00  9.4D-02  5.632D-03  1.130D-01
  498  545     0     0  con    0  1.0D+00  8.1D-02  1.391D-02  1.130D-01
  499  546     0     0  con    0  1.0D+00  8.7D-02  1.159D-02  1.130D-01
  500  547     0     0  con    0  1.0D+00  7.8D-02  1.945D-02  1.130D-01
  501  548     0     0  con    0  1.0D+00  4.7D-02  7.692D-03  1.130D-01
  502  549     0     0  con    0  1.0D+00  5.2D-02  6.386D-03  1.130D-01
  503  550     0     0  con    0  1.0D+00  6.4D-02  5.745D-02  1.130D-01
  504  551     0     0  con    0  1.0D+00  1.8D-02  3.017D-02  1.130D-01
  505  552     0     0  con    0  1.0D+00  4.7D-02  3.702D-03  1.130D-01
  506  553     0     0  con    0  1.0D+00  2.8D-02  8.749D-03  1.130D-01
  507  554     0     0  con    0  1.0D+00  6.3D-02  1.453D-02  1.130D-01
  508  555     0     0  con    0  1.0D+00  1.5D-01  1.948D-02  1.130D-01
  509  556     0     0  con    0  1.0D+00  5.6D-02  1.062D-02  1.130D-01
  510  557     0     0  con    0  1.0D+00  1.3D-02  6.725D-03  1.130D-01
  511  558     0     0  con    0  1.0D+00  2.1D-02  1.910D-02  1.130D-01
  512  559     0     0  con    0  1.0D+00  4.6D-02  1.943D-02  1.130D-01
  513  560     0     0  con    0  1.0D+00  3.8D-02  7.993D-03  1.130D-01
  514  561     0     0  con    0  1.0D+00  1.0D-01  1.040D-02  1.130D-01
  515  562     0     0  con    0  1.0D+00  4.4D-02  4.955D-02  1.130D-01
  516  563     0     0  con    0  1.0D+00  8.3D-02  1.819D-02  1.130D-01
  517  564     0     0  con    0  1.0D+00  2.0D-02  5.629D-03  1.130D-01
  518  565     0     0  con    0  1.0D+00  3.5D-02  9.154D-03  1.130D-01
  519  566     0     0  con    0  1.0D+00  8.3D-02  1.592D-02  1.130D-01
  520  567     0     0  con    0  1.0D+00  1.2D-01  1.325D-02  1.130D-01
  521  569     0     0  con    1  5.4D-01  1.3D-01  2.411D-02  1.130D-01
  522  570     0     0  con    0  1.0D+00  3.4D-02  6.109D-03  1.130D-01
  523  571     0     0  con    0  1.0D+00  1.9D-02  7.413D-03  1.129D-01
  524  572     0     0  con    0  1.0D+00  4.4D-02  1.176D-02  1.129D-01
  525  573     0     0  con    0  1.0D+00  1.1D-01  2.624D-02  1.129D-01
  526  574     0     0  con    0  1.0D+00  6.9D-02  3.976D-02  1.129D-01
  527  575     0     0  con    0  1.0D+00  7.3D-03  9.897D-03  1.129D-01
  528  576     0     0  con    0  1.0D+00  1.2D-02  5.937D-03  1.129D-01
  529  577     0     0  con    0  1.0D+00  4.5D-02  9.351D-03  1.129D-01
  530  578     0     0  con    0  1.0D+00  1.2D-01  1.175D-02  1.129D-01
  531  579     0     0  con    0  1.0D+00  2.0D-01  1.870D-02  1.129D-01
  532  580     0     0  con    0  1.0D+00  4.9D-02  1.744D-02  1.129D-01
  533  581     0     0  con    0  1.0D+00  1.9D-02  1.673D-02  1.129D-01
  534  582     0     0  con    0  1.0D+00  5.7D-02  1.065D-02  1.129D-01
  535  583     0     0  con    0  1.0D+00  1.9D-01  1.568D-02  1.129D-01
  536  584     0     0  con    0  1.0D+00  1.0D-01  9.228D-03  1.129D-01
  537  585     0     0  con    0  1.0D+00  6.8D-03  5.384D-03  1.129D-01
  538  586     0     0  con    0  1.0D+00  2.7D-02  1.195D-02  1.129D-01
  539  589     0     0  con    2  2.7D-01  2.2D-02  1.381D-02  1.129D-01
  540  590     0     0  con    0  1.0D+00  4.1D-02  5.356D-03  1.129D-01
  541  591     0     0  con    0  1.0D+00  8.3D-02  6.878D-03  1.129D-01
  542  592     0     0  con    0  1.0D+00  9.4D-02  9.298D-03  1.129D-01
  543  593     0     0  con    0  1.0D+00  1.0D-01  8.254D-03  1.129D-01
  544  595     0     0  con    1  5.3D-01  1.1D-01  2.753D-02  1.129D-01
  545  596     0     0  con    0  1.0D+00  3.5D-02  2.964D-03  1.129D-01
  546  597     0     0  con    0  1.0D+00  1.3D-02  7.141D-03  1.129D-01
  547  598     0     0  con    0  1.0D+00  4.5D-02  1.165D-02  1.129D-01
  548  599     0     0  con    0  1.0D+00  1.3D-01  1.406D-02  1.129D-01
  549  600     0     0  con    0  1.0D+00  1.5D-01  1.830D-02  1.129D-01
  550  601     0     0  con    0  1.0D+00  3.0D-02  1.766D-02  1.129D-01
  551  602     0     0  con    0  1.0D+00  5.2D-02  1.254D-02  1.129D-01
  552  603     0     0  con    0  1.0D+00  4.3D-02  8.775D-03  1.129D-01
  553  604     0     0  con    0  1.0D+00  1.6D-01  6.122D-03  1.129D-01
  554  605     0     0  con    0  1.0D+00  1.2D-01  1.504D-02  1.129D-01
  555  606     0     0  con    0  1.0D+00  9.1D-02  1.193D-02  1.129D-01
  556  607     0     0  con    0  1.0D+00  1.5D-01  5.644D-03  1.129D-01
  557  608     0     0  con    0  1.0D+00  6.0D-02  2.418D-02  1.129D-01
  558  609     0     0  con    0  1.0D+00  3.6D-03  6.292D-03  1.129D-01
  559  610     0     0  con    0  1.0D+00  6.8D-03  6.572D-03  1.129D-01
  560  611     0     0  con    0  1.0D+00  2.5D-02  1.304D-02  1.129D-01
  561  612     0     0  con    0  1.0D+00  6.3D-02  1.706D-02  1.129D-01
  562  616     0     0  con    3  1.5D-01  2.0D-02  1.933D-02  1.129D-01
  563  617     0     0  con    0  1.0D+00  8.9D-02  8.350D-03  1.129D-01
  564  618     0     0  con    0  1.0D+00  4.2D-02  5.800D-03  1.129D-01
  565  619     0     0  con    0  1.0D+00  6.8D-02  1.765D-02  1.129D-01
  566  620     0     0  con    0  1.0D+00  2.6D-02  1.820D-02  1.129D-01
  567  621     0     0  con    0  1.0D+00  1.8D-02  8.006D-03  1.129D-01
  568  622     0     0  con    0  1.0D+00  9.6D-03  8.695D-03  1.129D-01
  569  623     0     0  con    0  1.0D+00  4.7D-02  1.213D-02  1.129D-01
  570  624     0     0  con    0  1.0D+00  1.2D-01  1.228D-02  1.129D-01
  571  626     0     0  con    1  5.4D-01  1.1D-01  3.938D-02  1.129D-01
  572  627     0     0  con    0  1.0D+00  7.4D-02  4.346D-03  1.129D-01
  573  628     0     0  con    0  1.0D+00  2.9D-02  1.021D-02  1.129D-01
  574  629     0     0  con    0  1.0D+00  3.2D-02  9.006D-03  1.129D-01
  575  632     0     0  con    2  3.0D-01  3.0D-02  3.912D-02  1.129D-01
  576  633     0     0  con    0  1.0D+00  1.5D-02  1.572D-02  1.129D-01
  577  634     0     0  con    0  1.0D+00  2.6D-02  6.870D-03  1.129D-01
  578  635     0     0  con    0  1.0D+00  3.4D-02  1.772D-02  1.129D-01
  579  636     0     0  con    0  1.0D+00  3.5D-02  1.143D-02  1.129D-01
  580  637     0     0  con    0  1.0D+00  1.5D-01  2.262D-02  1.129D-01
  581  638     0     0  con    0  1.0D+00  2.0D-02  6.676D-03  1.129D-01
  582  639     0     0  con    0  1.0D+00  5.3D-02  1.220D-02  1.129D-01
  583  640     0     0  con    0  1.0D+00  8.4D-02  1.022D-02  1.129D-01
  584  641     0     0  con    0  1.0D+00  1.5D-01  4.368D-02  1.129D-01
  585  642     0     0  con    0  1.0D+00  1.5D-01  1.265D-02  1.129D-01
  586  643     0     0  con    0  1.0D+00  1.6D-02  4.267D-03  1.129D-01
  587  644     0     0  con    0  1.0D+00  1.9D-02  4.230D-03  1.129D-01
  588  646     0     0  con    1  5.2D-01  6.9D-02  3.530D-02  1.129D-01
  589  647     0     0  con    0  1.0D+00  2.8D-02  2.099D-02  1.129D-01
  590  648     0     0  con    0  1.0D+00  8.7D-02  5.943D-03  1.129D-01
  591  649     0     0  con    0  1.0D+00  6.8D-02  5.716D-03  1.128D-01
  592  650     0     0  con    0  1.0D+00  7.8D-02  1.012D-02  1.128D-01
  593  651     0     0  con    0  1.0D+00  1.5D-01  7.468D-03  1.128D-01
  594  653     0     0  con    1  5.3D-01  8.7D-02  2.094D-02  1.128D-01
  595  654     0     0  con    0  1.0D+00  7.3D-03  6.853D-03  1.128D-01
  596  655     0     0  con    0  1.0D+00  1.5D-02  6.668D-03  1.128D-01
  597  656     0     0  con    0  1.0D+00  1.6D-02  1.055D-02  1.128D-01
  598  657     0     0  con    0  1.0D+00  6.9D-02  2.097D-02  1.128D-01
  599  660     0     0  con    2  2.6D-01  2.5D-02  9.954D-03  1.128D-01
  600  661     0     0  con    0  1.0D+00  7.9D-02  2.863D-03  1.128D-01
  601  662     0     0  con    0  1.0D+00  6.3D-02  1.160D-02  1.128D-01
  602  663     0     0  con    0  1.0D+00  7.3D-02  1.061D-02  1.128D-01
  603  664     0     0  con    0  1.0D+00  1.7D-02  5.836D-03  1.128D-01
  604  665     0     0  con    0  1.0D+00  3.6D-02  6.306D-03  1.128D-01
  605  666     0     0  con    0  1.0D+00  2.9D-02  3.907D-03  1.128D-01
  606  667     0     0  con    0  1.0D+00  1.2D-01  7.493D-03  1.128D-01
  607  669     0     0  con    1  5.1D-01  5.9D-02  2.000D-02  1.128D-01
  608  670     0     0  con    0  1.0D+00  9.0D-02  5.710D-03  1.128D-01
  609  671     0     0  con    0  1.0D+00  3.9D-02  5.584D-03  1.128D-01
  610  672     0     0  con    0  1.0D+00  6.1D-02  1.260D-02  1.128D-01
  611  673     0     0  con    0  1.0D+00  7.9D-02  4.530D-02  1.128D-01
  612  674     0     0  con    0  1.0D+00  2.1D-02  7.383D-03  1.128D-01
  613  675     0     0  con    0  1.0D+00  9.4D-03  5.171D-03  1.128D-01
  614  676     0     0  con    0  1.0D+00  4.0D-02  8.569D-03  1.128D-01
  615  678     0     0  con    1  5.1D-01  5.9D-02  2.965D-02  1.128D-01
  616  679     0     0  con    0  1.0D+00  8.1D-02  1.480D-02  1.128D-01
  617  680     0     0  con    0  1.0D+00  5.1D-02  4.579D-03  1.128D-01
  618  681     0     0  con    0  1.0D+00  4.7D-02  5.264D-03  1.128D-01
  619  682     0     0  con    0  1.0D+00  4.5D-02  8.613D-03  1.128D-01
  620  683     0     0  con    0  1.0D+00  1.4D-01  1.284D-02  1.128D-01
  621  685     0     0  con    1  5.1D-01  6.1D-02  2.755D-02  1.128D-01
  622  686     0     0  con    0  1.0D+00  2.8D-02  8.158D-03  1.128D-01
  623  687     0     0  con    0  1.0D+00  2.1D-02  9.929D-03  1.128D-01
  624  688     0     0  con    0  1.0D+00  4.2D-02  2.062D-02  1.128D-01
  625  689     0     0  con    0  1.0D+00  9.2D-02  7.249D-03  1.128D-01
  626  691     0     0  con    1  5.1D-01  1.1D-01  3.112D-02  1.128D-01
  627  692     0     0  con    0  1.0D+00  3.5D-02  9.158D-03  1.128D-01
  628  693     0     0  con    0  1.0D+00  2.7D-02  6.414D-03  1.128D-01
  629  694     0     0  con    0  1.0D+00  2.1D-02  1.488D-02  1.128D-01
  630  695     0     0  con    0  1.0D+00  5.3D-02  2.561D-02  1.128D-01
  631  696     0     0  con    0  1.0D+00  1.1D-01  2.659D-02  1.128D-01
  632  698     0     0  con    1  4.9D-01  4.1D-02  3.386D-02  1.128D-01
  633  699     0     0  con    0  1.0D+00  1.5D-01  8.730D-03  1.128D-01
  634  700     0     0  con    0  1.0D+00  1.1D-01  1.208D-02  1.128D-01
  635  701     0     0  con    0  1.0D+00  7.6D-02  2.111D-02  1.128D-01
  636  702     0     0  con    0  1.0D+00  1.3D-01  2.206D-02  1.128D-01
  637  704     0     0  con    1  5.2D-01  1.1D-01  1.965D-02  1.128D-01
  638  705     0     0  con    0  1.0D+00  7.7D-02  9.271D-03  1.128D-01
  639  706     0     0  con    0  1.0D+00  7.0D-02  3.539D-02  1.128D-01
  640  707     0     0  con    0  1.0D+00  1.8D-02  1.275D-02  1.128D-01
  641  708     0     0  con    0  1.0D+00  6.4D-03  5.175D-03  1.128D-01
  642  709     0     0  con    0  1.0D+00  4.2D-02  1.020D-02  1.128D-01
  643  710     0     0  con    0  1.0D+00  6.5D-02  1.306D-02  1.128D-01
  644  711     0     0  con    0  1.0D+00  1.0D-01  1.684D-02  1.128D-01
  645  713     0     0  con    1  5.1D-01  2.4D-01  1.754D-02  1.128D-01
  646  714     0     0  con    0  1.0D+00  3.2D-02  1.206D-02  1.128D-01
  647  715     0     0  con    0  1.0D+00  1.0D-02  5.650D-03  1.128D-01
  648  716     0     0  con    0  1.0D+00  4.2D-02  8.091D-03  1.128D-01
  649  717     0     0  con    0  1.0D+00  1.4D-01  5.211D-02  1.128D-01
  650  718     0     0  con    0  1.0D+00  3.7D-02  1.035D-02  1.128D-01
  651  719     0     0  con    0  1.0D+00  3.7D-02  8.961D-03  1.128D-01
  652  720     0     0  con    0  1.0D+00  3.0D-02  1.071D-02  1.128D-01
  653  721     0     0  con    0  1.0D+00  4.5D-02  3.135D-02  1.128D-01
  654  722     0     0  con    0  1.0D+00  1.8D-02  1.203D-02  1.128D-01
  655  723     0     0  con    0  1.0D+00  1.7D-02  9.443D-03  1.128D-01
  656  724     0     0  con    0  1.0D+00  4.8D-02  1.165D-02  1.128D-01
  657  725     0     0  con    0  1.0D+00  5.8D-02  1.470D-02  1.128D-01
  658  726     0     0  con    0  1.0D+00  1.4D-01  2.502D-02  1.128D-01
  659  727     0     0  con    0  1.0D+00  2.7D-02  1.145D-02  1.128D-01
  660  728     0     0  con    0  1.0D+00  1.9D-02  3.339D-03  1.128D-01
  661  729     0     0  con    0  1.0D+00  5.1D-02  8.615D-03  1.128D-01
  662  730     0     0  con    0  1.0D+00  1.0D-01  1.206D-02  1.128D-01
  663  731     0     0  con    0  1.0D+00  2.0D-01  4.631D-02  1.128D-01
  664  733     0     0  con    1  4.9D-01  1.1D-01  1.080D-02  1.128D-01
  665  734     0     0  con    0  1.0D+00  4.1D-02  6.363D-03  1.128D-01
  666  735     0     0  con    0  1.0D+00  1.8D-02  5.090D-03  1.128D-01
  667  736     0     0  con    0  1.0D+00  7.8D-02  1.315D-02  1.128D-01
  668  737     0     0  con    0  1.0D+00  9.5D-02  1.292D-02  1.128D-01
  669  738     0     0  con    0  1.0D+00  1.9D-01  1.141D-02  1.128D-01
  670  739     0     0  con    0  1.0D+00  2.6D-01  2.139D-02  1.128D-01
  671  740     0     0  con    0  1.0D+00  3.3D-02  7.471D-03  1.127D-01
  672  741     0     0  con    0  1.0D+00  1.4D-02  4.553D-03  1.127D-01
  673  742     0     0  con    0  1.0D+00  8.5D-02  8.751D-03  1.127D-01
  674  743     0     0  con    0  1.0D+00  2.2D-01  2.617D-02  1.127D-01
  675  744     0     0  con    0  1.0D+00  5.5D-02  1.673D-02  1.127D-01
  676  745     0     0  con    0  1.0D+00  5.0D-02  4.807D-03  1.127D-01
  677  746     0     0  con    0  1.0D+00  9.1D-02  1.455D-02  1.127D-01
  678  747     0     0  con    0  1.0D+00  1.2D-01  1.717D-02  1.127D-01
  679  748     0     0  con    0  1.0D+00  1.1D-01  1.225D-02  1.127D-01
  680  749     0     0  con    0  1.0D+00  1.5D-01  8.355D-03  1.127D-01
  681  751     0     0  con    1  5.2D-01  1.7D-01  2.018D-02  1.127D-01
  682  752     0     0  con    0  1.0D+00  2.9D-02  7.003D-03  1.127D-01
  683  753     0     0  con    0  1.0D+00  4.8D-02  7.845D-03  1.127D-01
  684  754     0     0  con    0  1.0D+00  1.2D-01  9.848D-03  1.127D-01
  685  755     0     0  con    0  1.0D+00  2.2D-01  1.558D-02  1.127D-01
  686  756     0     0  con    0  1.0D+00  1.8D-01  1.695D-02  1.127D-01
  687  757     0     0  con    0  1.0D+00  4.9D-02  1.869D-02  1.127D-01
  688  758     0     0  con    0  1.0D+00  1.7D-02  7.347D-03  1.127D-01
  689  759     0     0  con    0  1.0D+00  1.8D-02  1.345D-02  1.127D-01
  690  760     0     0  con    0  1.0D+00  9.9D-02  3.243D-02  1.127D-01
  691  761     0     0  con    0  1.0D+00  2.8D-02  1.268D-02  1.127D-01
  692  762     0     0  con    0  1.0D+00  6.0D-02  7.814D-03  1.127D-01
  693  763     0     0  con    0  1.0D+00  4.6D-02  1.088D-02  1.127D-01
  694  764     0     0  con    0  1.0D+00  1.7D-01  1.605D-02  1.127D-01
  695  766     0     0  con    1  5.3D-01  1.3D-01  1.622D-02  1.127D-01
  696  767     0     0  con    0  1.0D+00  2.1D-02  4.498D-03  1.127D-01
  697  768     0     0  con    0  1.0D+00  4.2D-02  6.418D-03  1.127D-01
  698  769     0     0  con    0  1.0D+00  7.3D-02  1.881D-02  1.127D-01
  699  770     0     0  con    0  1.0D+00  2.0D-01  1.444D-02  1.127D-01
  700  771     0     0  con    0  1.0D+00  4.7D-02  1.040D-02  1.127D-01
  701  772     0     0  con    0  1.0D+00  1.9D-02  1.001D-02  1.127D-01
  702  773     0     0  con    0  1.0D+00  1.0D-01  1.520D-02  1.127D-01
  703  775     0     0  con    1  4.9D-01  5.7D-02  2.705D-02  1.127D-01
  704  776     0     0  con    0  1.0D+00  5.3D-02  2.431D-02  1.127D-01
  705  777     0     0  con    0  1.0D+00  1.9D-01  5.765D-03  1.127D-01
  706  778     0     0  con    0  1.0D+00  1.2D-01  1.346D-02  1.127D-01
  707  779     0     0  con    0  1.0D+00  1.2D-01  1.281D-02  1.127D-01
  708  780     0     0  con    0  1.0D+00  2.4D-01  2.894D-02  1.127D-01
  709  781     0     0  con    0  1.0D+00  2.6D-02  5.991D-03  1.127D-01
  710  782     0     0  con    0  1.0D+00  3.0D-02  6.808D-03  1.127D-01
  711  783     0     0  con    0  1.0D+00  1.9D-02  1.047D-02  1.127D-01
  712  784     0     0  con    0  1.0D+00  8.9D-02  9.206D-03  1.127D-01
  713  786     0     0  con    1  5.4D-01  1.7D-01  4.679D-02  1.127D-01
  714  787     0     0  con    0  1.0D+00  3.0D-02  2.204D-02  1.127D-01
  715  788     0     0  con    0  1.0D+00  4.0D-02  1.817D-02  1.127D-01
  716  789     0     0  con    0  1.0D+00  1.0D-01  1.366D-02  1.127D-01
  717  791     0     0  con    1  5.4D-01  9.6D-02  4.136D-02  1.127D-01
  718  792     0     0  con    0  1.0D+00  2.0D-02  1.478D-02  1.127D-01
  719  793     0     0  con    0  1.0D+00  2.1D-02  3.990D-03  1.127D-01
  720  794     0     0  con    0  1.0D+00  4.4D-02  6.568D-03  1.127D-01
  721  795     0     0  con    0  1.0D+00  9.0D-02  9.142D-03  1.127D-01
  722  796     0     0  con    0  1.0D+00  1.9D-01  1.497D-02  1.127D-01
  723  798     0     0  con    1  5.4D-01  2.4D-01  2.645D-02  1.127D-01
  724  799     0     0  con    0  1.0D+00  2.2D-02  4.015D-03  1.127D-01
  725  800     0     0  con    0  1.0D+00  9.6D-03  6.764D-03  1.127D-01
  726  802     0     0  con    1  5.2D-01  2.7D-02  3.310D-02  1.127D-01
  727  803     0     0  con    0  1.0D+00  2.5D-02  1.410D-02  1.127D-01
  728  804     0     0  con    0  1.0D+00  6.8D-02  9.127D-03  1.127D-01
  729  805     0     0  con    0  1.0D+00  8.0D-02  1.671D-02  1.127D-01
  730  806     0     0  con    0  1.0D+00  8.7D-02  1.127D-02  1.127D-01
  731  808     0     0  con    1  5.4D-01  8.1D-02  5.047D-02  1.127D-01
  732  809     0     0  con    0  1.0D+00  8.1D-02  1.004D-02  1.127D-01
  733  810     0     0  con    0  1.0D+00  9.0D-03  5.403D-03  1.127D-01
  734  811     0     0  con    0  1.0D+00  1.5D-02  8.646D-03  1.127D-01
  735  812     0     0  con    0  1.0D+00  3.7D-02  9.243D-03  1.127D-01
  736  813     0     0  con    0  1.0D+00  1.0D-01  3.012D-02  1.127D-01
  737  814     0     0  con    0  1.0D+00  6.6D-02  1.487D-02  1.127D-01
  738  815     0     0  con    0  1.0D+00  1.1D-02  2.835D-02  1.127D-01
  739  816     0     0  con    0  1.0D+00  1.8D-02  1.095D-02  1.127D-01
  740  817     0     0  con    0  1.0D+00  3.7D-02  5.390D-03  1.127D-01
  741  818     0     0  con    0  1.0D+00  4.1D-02  1.217D-02  1.126D-01
  742  819     0     0  con    0  1.0D+00  7.0D-02  1.690D-02  1.126D-01
  743  820     0     0  con    0  1.0D+00  1.3D-01  2.517D-02  1.126D-01
  744  822     0     0  con    1  4.8D-01  9.8D-02  1.113D-02  1.126D-01
  745  823     0     0  con    0  1.0D+00  1.2D-01  1.056D-02  1.126D-01
  746  824     0     0  con    0  1.0D+00  3.5D-02  6.544D-03  1.126D-01
  747  825     0     0  con    0  1.0D+00  5.5D-02  9.654D-03  1.126D-01
  748  826     0     0  con    0  1.0D+00  7.5D-02  1.966D-02  1.126D-01
  749  827     0     0  con    0  1.0D+00  1.5D-01  7.707D-03  1.126D-01
  750  828     0     0  con    0  1.0D+00  1.4D-01  5.059D-02  1.126D-01
  751  829     0     0  con    0  1.0D+00  6.2D-03  9.219D-03  1.126D-01
  752  830     0     0  con    0  1.0D+00  2.0D-02  1.273D-02  1.126D-01
  753  831     0     0  con    0  1.0D+00  5.3D-02  2.502D-02  1.126D-01
  754  832     0     0  con    0  1.0D+00  6.8D-02  2.644D-02  1.126D-01
  755  833     0     0  con    0  1.0D+00  1.6D-01  1.876D-02  1.126D-01
  756  835     0     0  con    1  4.8D-01  1.2D-01  1.472D-02  1.126D-01
  757  836     0     0  con    0  1.0D+00  1.3D-01  9.476D-03  1.126D-01
  758  837     0     0  con    0  1.0D+00  7.7D-02  2.240D-02  1.126D-01
  759  838     0     0  con    0  1.0D+00  7.6D-02  2.322D-02  1.126D-01
  760  840     0     0  con    1  5.2D-01  2.5D-02  4.153D-02  1.126D-01
  761  841     0     0  con    0  1.0D+00  1.6D-01  3.542D-02  1.126D-01
  762  842     0     0  con    0  1.0D+00  5.7D-02  9.138D-03  1.126D-01
  763  843     0     0  con    0  1.0D+00  8.4D-03  3.197D-03  1.126D-01
  764  844     0     0  con    0  1.0D+00  3.2D-02  2.794D-02  1.126D-01
  765  845     0     0  con    0  1.0D+00  8.6D-02  1.171D-02  1.126D-01
  766  846     0     0  con    0  1.0D+00  9.0D-02  6.230D-03  1.126D-01
  767  847     0     0  con    0  1.0D+00  1.2D-01  5.569D-03  1.126D-01
  768  848     0     0  con    0  1.0D+00  6.7D-02  2.502D-02  1.126D-01
  769  849     0     0  con    0  1.0D+00  9.8D-02  1.043D-02  1.126D-01
  770  850     0     0  con    0  1.0D+00  3.0D-02  7.675D-03  1.126D-01
  771  851     0     0  con    0  1.0D+00  1.6D-02  1.016D-02  1.126D-01
  772  852     0     0  con    0  1.0D+00  8.1D-02  7.319D-03  1.126D-01
  773  853     0     0  con    0  1.0D+00  2.0D-01  1.104D-02  1.126D-01
  774  854     0     0  con    0  1.0D+00  2.1D-01  3.199D-02  1.126D-01
  775  855     0     0  con    0  1.0D+00  1.9D-02  2.655D-02  1.126D-01
  776  856     0     0  con    0  1.0D+00  1.6D-02  1.578D-02  1.126D-01
  777  857     0     0  con    0  1.0D+00  9.1D-02  7.639D-03  1.126D-01
  778  858     0     0  con    0  1.0D+00  1.3D-01  9.344D-03  1.126D-01
  779  859     0     0  con    0  1.0D+00  1.9D-01  6.489D-03  1.126D-01
  780  860     0     0  con    0  1.0D+00  7.7D-02  1.360D-02  1.126D-01
  781  861     0     0  con    0  1.0D+00  1.8D-02  7.800D-03  1.126D-01
  782  862     0     0  con    0  1.0D+00  9.3D-02  4.489D-03  1.126D-01
  783  863     0     0  con    0  1.0D+00  1.9D-01  2.013D-02  1.126D-01
  784  864     0     0  con    0  1.0D+00  9.9D-02  1.236D-02  1.126D-01
  785  865     0     0  con    0  1.0D+00  6.9D-02  3.521D-03  1.126D-01
  786  866     0     0  con    0  1.0D+00  6.4D-02  2.220D-02  1.126D-01
  787  867     0     0  con    0  1.0D+00  4.7D-02  3.546D-02  1.126D-01
  788  868     0     0  con    0  1.0D+00  2.2D-02  1.472D-02  1.126D-01
  789  869     0     0  con    0  1.0D+00  7.1D-03  8.968D-03  1.126D-01
  790  870     0     0  con    0  1.0D+00  2.0D-02  1.311D-02  1.126D-01
  791  871     0     0  con    0  1.0D+00  6.7D-02  1.502D-02  1.126D-01
  792  875     0     0  con    3  1.5D-01  2.7D-02  2.197D-02  1.126D-01
  793  876     0     0  con    0  1.0D+00  8.3D-02  1.162D-02  1.126D-01
  794  877     0     0  con    0  1.0D+00  4.5D-02  3.532D-03  1.126D-01
  795  878     0     0  con    0  1.0D+00  6.3D-02  1.545D-02  1.126D-01
  796  879     0     0  con    0  1.0D+00  4.9D-02  2.028D-02  1.126D-01
  797  880     0     0  con    0  1.0D+00  1.6D-01  1.960D-02  1.126D-01
  798  881     0     0  con    0  1.0D+00  7.0D-02  1.021D-02  1.126D-01
  799  882     0     0  con    0  1.0D+00  2.9D-02  7.010D-03  1.126D-01
  800  883     0     0  con    0  1.0D+00  1.4D-01  7.854D-02  1.126D-01
  801  884     0     0  con    0  1.0D+00  7.8D-03  2.470D-02  1.126D-01
  802  885     0     0  con    0  1.0D+00  3.9D-02  4.822D-03  1.126D-01
  803  886     0     0  con    0  1.0D+00  8.5D-02  2.036D-02  1.126D-01
  804  887     0     0  con    0  1.0D+00  7.9D-02  1.949D-02  1.126D-01
  805  888     0     0  con    0  1.0D+00  2.0D-01  2.525D-02  1.126D-01
  806  889     0     0  con    0  1.0D+00  1.8D-01  1.178D-02  1.126D-01
  807  890     0     0  con    0  1.0D+00  2.6D-02  5.144D-03  1.126D-01
  808  891     0     0  con    0  1.0D+00  1.7D-02  1.387D-02  1.126D-01
  809  892     0     0  con    0  1.0D+00  9.0D-02  1.425D-02  1.126D-01
  810  893     0     0  con    0  1.0D+00  2.1D-01  2.393D-02  1.126D-01
  811  894     0     0  con    0  1.0D+00  1.2D-01  3.655D-03  1.126D-01
  812  895     0     0  con    0  1.0D+00  6.2D-02  4.375D-03  1.126D-01
  813  896     0     0  con    0  1.0D+00  1.3D-01  5.038D-03  1.126D-01
  814  898     0     0  con    1  5.4D-01  9.8D-02  7.609D-02  1.126D-01
  815  899     0     0  con    0  1.0D+00  6.0D-02  2.611D-02  1.126D-01
  816  900     0     0  con    0  1.0D+00  3.8D-02  4.015D-03  1.126D-01
  817  901     0     0  con    0  1.0D+00  4.3D-02  7.265D-03  1.126D-01
  818  902     0     0  con    0  1.0D+00  6.7D-02  8.525D-03  1.126D-01
  819  903     0     0  con    0  1.0D+00  2.6D-01  1.950D-02  1.126D-01
  820  904     0     0  con    0  1.0D+00  1.2D-02  1.095D-02  1.126D-01
  821  905     0     0  con    0  1.0D+00  2.7D-02  5.126D-03  1.126D-01
  822  906     0     0  con    0  1.0D+00  1.3D-01  6.262D-03  1.126D-01
  823  907     0     0  con    0  1.0D+00  1.4D-01  1.335D-02  1.126D-01
  824  908     0     0  con    0  1.0D+00  4.6D-02  7.894D-03  1.126D-01
  825  909     0     0  con    0  1.0D+00  9.9D-02  4.072D-03  1.126D-01
  826  910     0     0  con    0  1.0D+00  1.1D-01  1.034D-02  1.126D-01
  827  912     0     0  con    1  5.1D-01  1.2D-01  2.723D-02  1.126D-01
  828  913     0     0  con    0  1.0D+00  5.2D-02  5.386D-03  1.126D-01
  829  914     0     0  con    0  1.0D+00  2.5D-02  1.100D-02  1.126D-01
  830  915     0     0  con    0  1.0D+00  3.7D-02  9.507D-03  1.126D-01
  831  916     0     0  con    0  1.0D+00  1.2D-01  9.233D-03  1.125D-01
  832  917     0     0  con    0  1.0D+00  2.5D-01  1.219D-02  1.125D-01
  833  918     0     0  con    0  1.0D+00  2.6D-01  7.467D-03  1.125D-01
  834  919     0     0  con    0  1.0D+00  9.9D-02  5.836D-03  1.125D-01
  835  920     0     0  con    0  1.0D+00  6.1D-02  5.607D-03  1.125D-01
  836  921     0     0  con    0  1.0D+00  9.2D-02  7.413D-03  1.125D-01
  837  922     0     0  con    0  1.0D+00  1.7D-01  4.007D-03  1.125D-01
  838  923     0     0  con    0  1.0D+00  2.3D-01  2.243D-02  1.125D-01
  839  925     0     0  con    1  5.2D-01  1.8D-01  4.467D-02  1.125D-01
  840  926     0     0  con    0  1.0D+00  2.2D-02  1.238D-02  1.125D-01
  841  927     0     0  con    0  1.0D+00  4.6D-03  5.425D-03  1.125D-01
  842  928     0     0  con    0  1.0D+00  1.5D-02  4.871D-03  1.125D-01
  843  929     0     0  con    0  1.0D+00  3.5D-02  9.096D-03  1.125D-01
  844  930     0     0  con    0  1.0D+00  5.6D-02  1.234D-02  1.125D-01
  845  932     0     0  con    1  5.3D-01  1.9D-01  2.802D-02  1.125D-01
  846  933     0     0  con    0  1.0D+00  3.0D-02  9.554D-03  1.125D-01
  847  934     0     0  con    0  1.0D+00  1.8D-02  5.739D-03  1.125D-01
  848  935     0     0  con    0  1.0D+00  1.2D-01  2.285D-02  1.125D-01
  849  936     0     0  con    0  1.0D+00  2.2D-02  8.058D-03  1.125D-01
  850  937     0     0  con    0  1.0D+00  7.7D-02  6.908D-03  1.125D-01
  851  938     0     0  con    0  1.0D+00  8.6D-02  4.003D-02  1.125D-01
  852  939     0     0  con    0  1.0D+00  1.1D-01  1.146D-02  1.125D-01
  853  940     0     0  con    0  1.0D+00  4.4D-02  8.438D-03  1.125D-01
  854  941     0     0  con    0  1.0D+00  5.5D-02  1.123D-02  1.125D-01
  855  942     0     0  con    0  1.0D+00  5.8D-02  1.212D-02  1.125D-01
  856  943     0     0  con    0  1.0D+00  1.3D-01  1.678D-02  1.125D-01
  857  945     0     0  con    1  4.9D-01  1.2D-01  1.169D-02  1.125D-01
  858  946     0     0  con    0  1.0D+00  7.8D-02  5.204D-03  1.125D-01
  859  947     0     0  con    0  1.0D+00  4.1D-02  8.810D-03  1.125D-01
  860  948     0     0  con    0  1.0D+00  8.2D-02  1.728D-02  1.125D-01
  861  949     0     0  con    0  1.0D+00  4.7D-02  1.519D-02  1.125D-01
  862  950     0     0  con    0  1.0D+00  7.3D-02  8.402D-03  1.125D-01
  863  951     0     0  con    0  1.0D+00  9.6D-02  3.684D-02  1.125D-01
  864  952     0     0  con    0  1.0D+00  2.3D-03  1.408D-02  1.125D-01
  865  953     0     0  con    0  1.0D+00  2.0D-02  4.440D-03  1.125D-01
  866  954     0     0  con    0  1.0D+00  3.4D-02  9.088D-03  1.125D-01
  867  955     0     0  con    0  1.0D+00  3.3D-02  1.220D-02  1.125D-01
  868  956     0     0  con    0  1.0D+00  6.3D-02  8.231D-03  1.125D-01
  869  958     0     0  con    1  4.9D-01  6.6D-02  2.814D-02  1.125D-01
  870  959     0     0  con    0  1.0D+00  8.6D-02  9.563D-03  1.125D-01
  871  960     0     0  con    0  1.0D+00  7.7D-02  4.732D-03  1.125D-01
  872  961     0     0  con    0  1.0D+00  9.0D-02  1.387D-02  1.125D-01
  873  963     0     0  con    1  4.8D-01  7.1D-02  1.067D-02  1.125D-01
  874  964     0     0  con    0  1.0D+00  1.1D-01  9.772D-03  1.125D-01
  875  965     0     0  con    0  1.0D+00  5.4D-02  2.444D-02  1.125D-01
  876  966     0     0  con    0  1.0D+00  1.9D-02  1.351D-02  1.125D-01
  877  967     0     0  con    0  1.0D+00  3.2D-02  5.725D-03  1.125D-01
  878  968     0     0  con    0  1.0D+00  5.3D-02  3.366D-03  1.125D-01
  879  969     0     0  con    0  1.0D+00  8.4D-02  7.598D-03  1.125D-01
  880  970     0     0  con    0  1.0D+00  9.8D-02  5.285D-03  1.125D-01
  881  972     0     0  con    1  5.4D-01  1.1D-01  3.455D-02  1.125D-01
  882  973     0     0  con    0  1.0D+00  2.1D-02  5.818D-03  1.125D-01
  883  974     0     0  con    0  1.0D+00  1.4D-02  3.568D-03  1.125D-01
  884  975     0     0  con    0  1.0D+00  3.8D-02  1.085D-02  1.125D-01
  885  976     0     0  con    0  1.0D+00  1.0D-01  2.207D-02  1.125D-01
  886  977     0     0  con    0  1.0D+00  1.3D-01  3.615D-02  1.125D-01
  887  978     0     0  con    0  1.0D+00  1.2D-02  3.844D-03  1.125D-01
  888  979     0     0  con    0  1.0D+00  3.1D-02  1.038D-02  1.125D-01
  889  980     0     0  con    0  1.0D+00  2.6D-02  1.306D-02  1.125D-01
  890  981     0     0  con    0  1.0D+00  1.9D-01  1.444D-02  1.125D-01
  891  982     0     0  con    0  1.0D+00  1.2D-02  4.222D-03  1.125D-01
  892  983     0     0  con    0  1.0D+00  1.8D-02  8.472D-03  1.125D-01
  893  984     0     0  con    0  1.0D+00  4.6D-02  1.552D-02  1.125D-01
  894  985     0     0  con    0  1.0D+00  5.3D-02  1.381D-02  1.125D-01
  895  986     0     0  con    0  1.0D+00  1.4D-01  2.168D-02  1.125D-01
  896  989     0     0  con    2  2.8D-01  1.5D-01  7.825D-03  1.125D-01
  897  990     0     0  con    0  1.0D+00  2.3D-02  1.150D-02  1.125D-01
  898  992     0     0  con    1  5.1D-01  2.1D-02  2.470D-02  1.125D-01
  899  993     0     0  con    0  1.0D+00  2.6D-02  8.370D-03  1.125D-01
  900  994     0     0  con    0  1.0D+00  2.3D-02  5.422D-03  1.125D-01
  901  995     0     0  con    0  1.0D+00  5.4D-02  1.227D-02  1.125D-01
  902  996     0     0  con    0  1.0D+00  5.4D-02  1.411D-02  1.125D-01
  903  997     0     0  con    0  1.0D+00  1.4D-01  1.180D-02  1.125D-01
  904  998     0     0  con    0  1.0D+00  1.1D-01  1.184D-02  1.125D-01
  905  999     0     0  con    0  1.0D+00  2.9D-02  3.494D-03  1.125D-01
  906 1000     0     0  con    0  1.0D+00  1.4D-02  6.934D-03  1.125D-01
  907 1001     0     0  con    0  1.0D+00  4.5D-02  6.606D-03  1.125D-01

STOP: TOTAL NO. of f AND g EVALUATIONS EXCEEDS LIMIT        

 Total User time 0.000E+00 seconds.

